0 0 103 8.64176 
0 1 2 6.58407 
0 1 103 7.76185 
0 2 3 7.60241 
0 2 13 8.71356 
0 2 103 8.83359 
0 3 4 7.59680 
0 3 13 6.45157 
0 3 19 9.41373 
0 4 5 8.41451 
0 4 11 9.19184 
0 5 6 7.45595 
0 5 10 8.84069 
0 5 17 9.43158 
0 5 90 9.81719 
0 6 90 9.14779 
0 6 91 9.71135 
0 7 9 4.33240 
0 7 10 9.47349 
0 9 10 8.91383 
0 9 77 8.13649 
0 10 11 8.36350 
0 10 15 9.86622 
0 10 17 8.50380 
0 11 14 9.00837 
0 12 13 6.09886 
0 13 14 7.77123 
0 14 15 7.64274 
0 14 101 9.90168 
0 15 16 7.07005 
0 15 17 8.10452 
0 15 18 9.56879 
0 15 100 8.32335 
0 16 17 8.78038 
0 17 18 8.06631 
0 17 99 9.81539 
0 17 100 9.34262 
0 18 19 7.61870 
0 18 89 9.01100 
0 18 100 8.38569 
0 18 101 8.25949 
0 19 20 7.48078 
0 19 88 8.70675 
0 19 101 8.98963 
0 20 21 7.07459 
0 20 102 9.96070 
0 21 22 9.23180 
0 22 23 7.62278 
0 22 86 9.83654 
0 22 87 9.49677 
0 22 102 8.42715 
0 23 24 7.55196 
0 23 86 9.78785 
0 23 87 7.39015 
0 24 25 7.58923 
0 24 84 8.81256 
0 25 26 8.15576 
0 25 83 9.45123 
0 25 84 8.20546 
0 25 99 9.55976 
0 26 81 9.05802 
0 27 28 7.08249 
0 27 81 9.19805 
0 28 29 7.63331 
0 28 31 9.50885 
0 28 32 9.14040 
0 28 98 8.63790 
0 29 30 5.74744 
0 29 31 8.50497 
0 29 79 8.54721 
0 29 80 9.43808 
0 29 98 6.95689 
0 30 31 7.11632 
0 30 78 9.71867 
0 31 32 7.44395 
0 32 33 6.92732 
0 32 34 9.30704 
0 33 34 7.52388 
0 33 74 9.76540 
0 34 73 8.37665 
0 34 74 8.43556 
0 35 36 7.93656 
0 35 75 6.29400 
0 35 76 9.81311 
0 36 75 9.63962 
0 36 76 8.58893 
0 37 74 9.88518 
0 37 75 8.05136 
0 38 64 9.44982 
0 38 65 7.91374 
0 38 73 9.45641 
0 38 74 9.29080 
0 39 40 8.98009 
0 39 54 8.30093 
0 39 65 6.75567 
0 40 41 8.66594 
0 40 42 8.83792 
0 40 52 9.84910 
0 40 54 8.26073 
0 41 42 9.92682 
0 42 54 9.02299 
0 42 64 4.69268 
0 43 48 9.28902 
0 43 49 7.52314 
0 43 54 9.45798 
0 43 63 4.15376 
0 43 66 9.27523 
0 44 49 8.84617 
0 44 50 9.17270 
0 44 55 9.86864 
0 44 60 9.47654 
0 45 46 8.11382 
0 45 50 8.47235 
0 45 51 6.98420 
0 46 47 7.77481 
0 46 61 8.27785 
0 47 48 6.76633 
0 49 54 5.70020 
0 50 51 8.55454 
0 51 52 7.62247 
0 52 53 5.77791 
0 52 54 8.68888 
0 54 64 9.67880 
0 55 56 7.40854 
0 55 57 9.39938 
0 56 57 7.64884 
0 57 58 7.55539 
0 57 59 9.55254 
0 58 59 7.19410 
0 58 63 8.21861 
0 58 66 8.43867 
0 58 67 7.90982 
0 58 68 9.87494 
0 59 62 8.35666 
0 59 63 9.65112 
0 60 61 9.51710 
0 61 62 9.55004 
0 63 66 6.60565 
0 64 65 6.78436 
0 67 68 7.28018 
0 68 69 7.66175 
0 69 70 7.92715 
0 70 71 9.29080 
0 70 72 9.71320 
0 71 72 7.38307 
0 72 73 7.63080 
0 73 74 5.68517 
0 76 77 6.29117 
0 77 78 7.68714 
0 78 79 7.76396 
0 79 80 7.53899 
0 80 81 6.41291 
0 80 99 9.67920 
0 81 99 8.54613 
0 82 83 6.64406 
0 82 95 9.62101 
0 82 97 9.02555 
0 82 98 5.67784 
0 82 99 9.92942 
0 83 84 8.37946 
0 83 89 7.96946 
0 83 94 9.04591 
0 84 85 7.61640 
0 84 88 9.51831 
0 85 86 9.77727 
0 85 87 8.97471 
0 86 87 6.41606 
0 87 88 7.70923 
0 88 89 8.75085 
0 89 90 7.79365 
0 89 92 9.46183 
0 90 91 5.50472 
0 90 92 7.81923 
0 90 95 9.50521 
0 91 92 9.13327 
0 92 93 7.60308 
0 93 94 8.06719 
0 95 96 4.52894 
0 95 97 9.67959 
0 97 98 8.21057 
0 99 100 7.60153 
0 100 101 7.46080 
0 101 102 7.93498 
