|points|
|0|59.1334|29.3639|-50.7197|
|1|48.3775|26.5789|-10.3562|
|2|22.0523|19.9138|-54.3028|
|3|29.792|-7.02351|-22.0109|
|4|29.9497|5.51738|-64.8608|
|5|55.9391|0.258891|-1.27794|
|6|64.0811|-4.35738|-40.3086|
|7|49.1319|-11.8879|-10.4508|
|8|34.1983|-0.28349|-53.6077|
|9|46.7507|6.27174|-20.8263|
|10|47.1358|8.37475|-29.7972|
|11|65.7728|1.80139|-46.4582|
|12|40.3594|13.1226|-67.0782|
|13|45.8851|-0.650569|-53.0051|
|14|34.206|19.2175|-67.7121|
|15|47.5142|26.0241|-47.8594|
|16|34.2512|-3.6711|-13.7711|
|17|53.2278|-18.0906|-44.9704|
|18|24.6854|11.1417|-58.3802|
|19|65.1391|-3.01156|-12.3818|
|20|50.3326|12.3853|-25.4826|
|21|25.8|20.3403|-21.4968|
|22|38.6267|12.5333|-55.1552|
|23|44.1555|7.51175|-63.1287|
|24|24.1603|18.617|-61.1251|
|25|59.2329|15.8355|-54.4288|
|26|13.6975|21.7493|-19.5094|
|27|62.0074|-4.64422|-49.3146|
|28|43.2273|28.2588|-12.9457|
|29|28.6357|13.0373|-66.0625|
|30|32.0219|19.9924|-52.9158|
|31|41.6672|28.7848|-7.11822|
|32|29.9476|1.86238|-23.8251|
|33|42.2843|2.14276|-46.5409|
|34|42.1026|-0.218327|-16.1648|
|35|52.1679|2.72768|-11.3934|
|36|58.1622|8.76116|-28.8075|
|37|51.903|29.2249|-6.01185|
|38|49.3452|16.6103|-61.2965|
|39|52.588|-3.6728|-8.23124|
|40|45.5195|17.3537|-20.9935|
|41|38.8521|10.4137|-24.7907|
|42|65.4309|12.8008|-22.2503|
|43|46.3524|10.5311|-46.5786|
|44|28.0073|-4.46799|-54.2099|
|45|25.6322|11.2357|-16.8057|
|46|33.2566|21.741|-11.3046|
|47|27.7211|-14.591|-21.5227|
|48|42.1443|9.01231|-42.0967|
|49|34.4214|7.90653|-44.4853|
|50|40.2339|21.5343|-3.60337|
|51|28.7776|5.94371|-18.9211|
|52|53.6577|22.5106|-16.4586|
|53|51.9105|-10.6817|-38.624|
|54|61.7022|15.843|-16.523|
|55|14.7474|11.1736|-20.4605|
|56|25.4393|16.0199|-49.6281|
|57|62.872|-0.622689|-21.6201|
|58|39.3827|1.3004|-58.3488|
|59|61.4331|23.6856|-60.9594|
|60|17.3472|23.5659|-23.1709|
|61|34.4466|8.10703|-13.2268|
|62|29.1787|-1.17902|-62.3502|
|63|52.3516|-7.80297|-46.9617|
|64|24.8122|24.2541|-13.7957|
|65|41.3111|18.5938|0.817971|
|66|56.3066|7.93537|-65.0316|
|67|53.2887|23.1783|-7.56985|
|68|29.7825|17.4445|-9.64333|
|69|38.7109|6.14641|-64.4959|
|70|46.9645|0.0465261|-60.2003|
|71|46.6396|21.9871|-54.2845|
|72|42.2567|16.9822|-49.0042|
|73|50.0004|8.55601|-62.6074|
|74|67.4811|-0.605875|-34.2073|
|75|28.4081|4.19987|-45.563|
|76|55.8297|12.9549|-25.1853|
|77|60.6456|-7.6371|-13.6403|
|78|36.5269|24.3047|-15.7727|
|79|59.0289|15.1762|-64.3903|
|80|19.6227|13.5872|-20.3141|
|81|61.2216|-7.80918|-32.3941|
|82|44.3945|11.5255|-13.8033|
|83|32.5883|25.7595|-20.7329|
|84|68.2431|1.45185|-16.3671|
|85|39.419|-0.316409|-25.7297|
|86|66.2689|4.98767|-9.90242|
|87|60.2055|24.2138|-53.2735|
|88|33.1748|-13.8668|-24.5319|
|89|61.2152|2.89532|-5.33604|
|90|37.9052|-1.27746|-42.5169|
|91|52.4063|14.4063|-9.53682|
|92|61.1217|19.4917|-10.1074|
|93|41.5739|-9.77487|-21.0465|
|94|25.0069|7.93107|-49.8145|
|95|58.5602|-17.4564|-48.3858|
|96|45.4588|27.3527|-54.7285|
|97|64.4039|7.6758|-32.91|
|98|50.2263|-17.3873|-51.5039|
|99|52.4472|-7.46016|-12.3562|
|100|40.6358|-13.0944|-15.3414|
|101|55.6754|-10.7056|-49.1851|
|102|27.9876|-11.9286|-29.1326|
|103|35.2624|22.4623|-59.753|
|104|24.8405|0.159305|-49.7027|
|105|26.7705|-2.57352|-19.8724|
|106|58.8953|8.48586|-14.4029|
|107|47.7721|-5.80773|-16.5632|
|108|49.6432|-16.8161|-41.1488|
|109|56.1384|-1.33612|-49.7555|
|110|32.549|12.0184|-20.9871|
|111|53.0453|30.4371|-48.2036|
|112|21.5412|22.8952|-19.5972|
|113|41.7828|15.0891|-9.48349|
|114|54.9075|-4.80749|-36.1121|
|115|59.0769|6.32549|-46.2893|
|116|34.2054|-2.81004|-64.19|
|117|35.998|-8.45054|-20.5973|
|118|29.0728|17.0576|-26.6034|
|119|57.912|5.20367|-55.6859|
|120|38.7636|24.0073|-64.8747|
|121|50.7172|8.4782|-51.8315|
|122|52.6529|20.0439|-56.1927|
|123|63.6002|5.6666|-26.1779|
|124|57.0021|3.18744|-36.2187|
|edges|
|0|15|
|0|59|
|0|87|
|0|96|
|0|111|
|0|122|
|1|28|
|1|31|
|1|37|
|1|40|
|1|50|
|1|52|
|1|67|
|1|78|
|1|91|
|2|18|
|2|24|
|2|30|
|2|56|
|2|94|
|2|103|
|3|16|
|3|32|
|3|47|
|3|85|
|3|88|
|3|102|
|3|105|
|3|117|
|4|8|
|4|12|
|4|14|
|4|18|
|4|22|
|4|24|
|4|29|
|4|44|
|4|58|
|4|62|
|4|69|
|4|94|
|4|116|
|5|35|
|5|39|
|5|77|
|5|89|
|6|11|
|6|27|
|6|53|
|6|63|
|6|74|
|6|81|
|6|95|
|6|101|
|6|109|
|6|114|
|6|115|
|6|124|
|7|39|
|7|77|
|7|93|
|7|99|
|7|100|
|7|107|
|8|13|
|8|22|
|8|33|
|8|44|
|8|49|
|8|58|
|8|62|
|8|69|
|8|70|
|8|75|
|8|90|
|8|94|
|8|104|
|8|116|
|9|10|
|9|20|
|9|34|
|9|35|
|9|36|
|9|40|
|9|41|
|9|57|
|9|61|
|9|76|
|9|82|
|9|85|
|9|91|
|9|106|
|9|107|
|10|20|
|10|36|
|10|40|
|10|41|
|10|48|
|10|76|
|10|85|
|10|124|
|11|27|
|11|74|
|11|109|
|11|115|
|11|119|
|12|14|
|12|22|
|12|23|
|12|29|
|12|38|
|12|69|
|12|73|
|12|103|
|12|120|
|13|22|
|13|23|
|13|33|
|13|43|
|13|58|
|13|63|
|13|66|
|13|70|
|13|73|
|13|90|
|13|101|
|13|109|
|13|116|
|13|119|
|13|121|
|14|22|
|14|24|
|14|29|
|14|69|
|14|103|
|14|120|
|15|38|
|15|43|
|15|71|
|15|72|
|15|87|
|15|96|
|15|111|
|15|122|
|16|32|
|16|34|
|16|51|
|16|61|
|16|93|
|16|100|
|16|105|
|16|107|
|16|117|
|17|53|
|17|63|
|17|95|
|17|98|
|17|101|
|17|108|
|18|24|
|18|29|
|18|30|
|18|56|
|18|62|
|18|94|
|18|104|
|19|35|
|19|57|
|19|77|
|19|84|
|19|86|
|19|89|
|19|99|
|19|106|
|20|36|
|20|40|
|20|41|
|20|52|
|20|54|
|20|76|
|20|82|
|21|26|
|21|45|
|21|46|
|21|60|
|21|64|
|21|68|
|21|78|
|21|80|
|21|83|
|21|110|
|21|112|
|21|118|
|22|23|
|22|24|
|22|29|
|22|30|
|22|33|
|22|38|
|22|43|
|22|48|
|22|49|
|22|56|
|22|58|
|22|69|
|22|70|
|22|71|
|22|72|
|22|73|
|22|75|
|22|94|
|22|103|
|22|120|
|23|38|
|23|58|
|23|66|
|23|69|
|23|70|
|23|73|
|23|121|
|24|29|
|24|30|
|24|56|
|24|94|
|24|103|
|25|38|
|25|43|
|25|59|
|25|71|
|25|79|
|25|87|
|25|115|
|25|119|
|25|121|
|25|122|
|26|55|
|26|60|
|26|64|
|26|80|
|26|112|
|27|63|
|27|95|
|27|101|
|27|109|
|27|115|
|27|119|
|28|31|
|28|37|
|28|40|
|28|46|
|28|50|
|28|52|
|28|67|
|28|78|
|28|83|
|28|113|
|29|69|
|29|103|
|30|38|
|30|49|
|30|56|
|30|71|
|30|72|
|30|94|
|30|103|
|31|37|
|31|46|
|31|50|
|31|65|
|31|67|
|31|78|
|32|34|
|32|41|
|32|45|
|32|51|
|32|61|
|32|85|
|32|105|
|32|110|
|32|117|
|33|43|
|33|48|
|33|49|
|33|58|
|33|63|
|33|70|
|33|75|
|33|90|
|33|109|
|33|114|
|33|115|
|33|121|
|34|35|
|34|39|
|34|41|
|34|61|
|34|82|
|34|85|
|34|93|
|34|99|
|34|100|
|34|107|
|34|110|
|34|117|
|35|39|
|35|57|
|35|77|
|35|82|
|35|89|
|35|91|
|35|99|
|35|106|
|35|107|
|36|42|
|36|57|
|36|76|
|36|97|
|36|123|
|36|124|
|37|52|
|37|67|
|37|92|
|38|43|
|38|59|
|38|66|
|38|71|
|38|72|
|38|73|
|38|79|
|38|96|
|38|103|
|38|119|
|38|120|
|38|121|
|38|122|
|39|77|
|39|89|
|39|99|
|39|107|
|40|41|
|40|46|
|40|52|
|40|76|
|40|78|
|40|82|
|40|83|
|40|110|
|40|113|
|40|118|
|41|51|
|41|61|
|41|85|
|41|110|
|41|118|
|42|52|
|42|54|
|42|76|
|42|84|
|42|97|
|42|106|
|42|123|
|43|48|
|43|49|
|43|71|
|43|72|
|43|115|
|43|121|
|43|122|
|44|58|
|44|62|
|44|75|
|44|90|
|44|94|
|44|104|
|44|116|
|45|46|
|45|51|
|45|55|
|45|60|
|45|61|
|45|64|
|45|68|
|45|80|
|45|83|
|45|105|
|45|110|
|45|112|
|45|118|
|46|50|
|46|64|
|46|68|
|46|78|
|46|83|
|46|112|
|46|113|
|47|88|
|47|100|
|47|102|
|47|105|
|47|117|
|48|49|
|48|72|
|48|90|
|48|121|
|49|56|
|49|58|
|49|72|
|49|75|
|49|90|
|49|94|
|49|104|
|50|65|
|50|67|
|50|68|
|50|91|
|50|113|
|51|55|
|51|61|
|51|80|
|51|105|
|51|110|
|52|54|
|52|67|
|52|76|
|52|91|
|52|92|
|53|63|
|53|81|
|53|95|
|53|101|
|53|108|
|53|114|
|54|76|
|54|86|
|54|91|
|54|92|
|54|97|
|54|106|
|55|60|
|55|80|
|56|94|
|57|74|
|57|77|
|57|81|
|57|84|
|57|106|
|57|123|
|58|62|
|58|69|
|58|70|
|58|73|
|58|75|
|58|116|
|58|121|
|59|79|
|59|87|
|59|122|
|60|64|
|60|80|
|60|83|
|60|112|
|60|118|
|61|68|
|61|82|
|61|93|
|61|105|
|61|110|
|61|113|
|62|69|
|62|94|
|62|104|
|62|116|
|63|95|
|63|98|
|63|101|
|63|108|
|63|109|
|63|114|
|63|115|
|64|68|
|64|78|
|64|80|
|64|83|
|64|112|
|65|113|
|66|70|
|66|73|
|66|79|
|66|119|
|67|82|
|67|91|
|67|92|
|67|113|
|68|78|
|68|110|
|68|113|
|69|70|
|69|116|
|70|73|
|70|101|
|70|109|
|70|116|
|70|119|
|70|121|
|71|72|
|71|73|
|71|87|
|71|96|
|71|103|
|71|111|
|71|120|
|71|121|
|71|122|
|72|96|
|72|103|
|72|121|
|72|122|
|73|79|
|73|119|
|73|121|
|74|81|
|74|97|
|74|114|
|74|123|
|74|124|
|75|90|
|75|94|
|75|104|
|76|97|
|76|106|
|76|123|
|77|84|
|77|86|
|77|89|
|77|99|
|77|106|
|77|107|
|78|82|
|78|83|
|78|110|
|78|113|
|78|118|
|79|119|
|79|122|
|80|112|
|80|118|
|81|114|
|81|123|
|81|124|
|82|91|
|82|106|
|82|113|
|83|112|
|83|113|
|83|118|
|84|86|
|84|89|
|84|106|
|84|123|
|85|90|
|85|93|
|85|105|
|85|107|
|85|110|
|85|117|
|86|89|
|86|92|
|86|106|
|87|96|
|87|111|
|87|122|
|88|93|
|88|100|
|88|102|
|88|117|
|89|92|
|89|106|
|90|104|
|90|114|
|91|92|
|91|106|
|91|113|
|92|106|
|93|99|
|93|100|
|93|107|
|93|117|
|94|104|
|95|98|
|95|101|
|95|108|
|96|103|
|96|111|
|96|120|
|96|122|
|97|115|
|97|123|
|97|124|
|98|101|
|98|108|
|99|100|
|99|107|
|100|107|
|100|117|
|101|108|
|101|109|
|102|105|
|102|117|
|103|120|
|105|117|
|106|123|
|107|117|
|109|114|
|109|115|
|109|119|
|109|121|
|109|124|
|110|118|
|111|122|
|112|118|
|114|124|
|115|119|
|115|121|
|115|124|
|119|121|
|121|122|
|123|124|
|6|17|
|7|117|
|10|118|
|17|81|
|18|103|
|23|103|
|27|121|
|31|92|
|33|116|
|36|106|
|42|93|
|48|70|
|51|68|
|57|76|
|68|112|
|72|75|
|74|93|
|85|88|
|91|99|
|101|115|
|108|109|
